    unsorted:	 4152.070921 4159.361377 4166.282226 4128.109465 4134.770665 4172.204057 4110.230295 4103.087741 4084.201425 4077.172920 4237.576961 4052.020019 4244.398751 4253.771785 4271.898399 4288.500162 4036.201406 4018.934434 4009.473015 4325.289909 4316.056915 4356.802499 4392.511640 4397.767661 4403.389943 4409.344797 4417.015421 4431.191963 4456.927723 4451.828407 4466.942959 4468.665863 4500.651661 4502.028502 4518.314171 4519.128676 4530.903708 3973.056771 3963.900927 3956.853870 3901.928997 3847.104437 3830.475359 4629.025863 3718.541865 3533.528942 3273.402864 3019.666853 2401.238657 2405.427081 2419.679314 2458.276568 2523.035040 2496.032023 2358.445300 2326.497531 2289.647795 2269.447194 2257.797440 2246.415736 2224.340673 2642.264833 2188.551068 2138.876460 2141.236037 2088.514423 2035.066774 1978.668078 1913.060911 5587.121943 1573.247737 1337.719519 965.6899477 6476.759149 767.8205371 7195.409359 217.8598313 7676.920980 8834.409959 10961.67586 11688.46003 13154.31265 15763.99932 16217.48848 16308.15245 18358.13701 19625.39364 21803.97649 25369.52719 28128.59100 28518.73179 28840.98110 29653.52846 30484.47705 30878.29009 32074.63974 32641.97409 34064.72974 34248.25297 34400.29087 34794.84839 35988.43550 39597.68071 39839.16838 41430.46188 42406.27177 43315.37395 46591.03659 47056.50519 48967.95986 51374.05696 53614.48374 55604.66527 62120.84667 67325.33296 75502.43402 77056.36688 85536.43030 98529.36979 170226.7554 210.3265644 169.0032687
      sorted:	 169.0032687 210.3265644 217.8598313 767.8205371 965.6899477 1337.719519 1573.247737 1913.060911 1978.668078 2035.066774 2088.514423 2138.876460 2141.236037 2188.551068 2224.340673 2246.415736 2257.797440 2269.447194 2289.647795 2326.497531 2358.445300 2401.238657 2405.427081 2419.679314 2458.276568 2496.032023 2523.035040 2642.264833 3019.666853 3273.402864 3533.528942 3718.541865 3830.475359 3847.104437 3901.928997 3956.853870 3963.900927 3973.056771 4009.473015 4018.934434 4036.201406 4052.020019 4077.172920 4084.201425 4103.087741 4110.230295 4128.109465 4134.770665 4152.070921 4159.361377 4166.282226 4172.204057 4237.576961 4244.398751 4253.771785 4271.898399 4288.500162 4316.056915 4325.289909 4356.802499 4392.511640 4397.767661 4403.389943 4409.344797 4417.015421 4431.191963 4451.828407 4456.927723 4466.942959 4468.665863 4500.651661 4502.028502 4518.314171 4519.128676 4530.903708 4629.025863 5587.121943 6476.759149 7195.409359 7676.920980 8834.409959 10961.67586 11688.46003 13154.31265 15763.99932 16217.48848 16308.15245 18358.13701 19625.39364 21803.97649 25369.52719 28128.59100 28518.73179 28840.98110 29653.52846 30484.47705 30878.29009 32074.63974 32641.97409 34064.72974 34248.25297 34400.29087 34794.84839 35988.43550 39597.68071 39839.16838 41430.46188 42406.27177 43315.37395 46591.03659 47056.50519 48967.95986 51374.05696 53614.48374 55604.66527 62120.84667 67325.33296 75502.43402 77056.36688 85536.43030 98529.36979 170226.7554
